31.52 117.17
30.31 117.02
32.56 117.21
33.52 115.47
31.36 117.52
32.18 118.18
32.54 115.48
30.39 117.28
33.57 116.47
32.37 116.58
29.43 118.18
33.15 115.21
31.44 116.28
31.43 118.28
32.47 117.58
33.38 116.58
32.41 118.59
30.56 117.48
31.19 118.22
30.57 118.44
21.33 115.07
39.55 116.24
26.05 119.18
25.58 119.31
27.06 119.39
25.42 119.23
27.03 118.20
27.21 118.07
24.49 118.35
24.26 117.48
25.06 117.01
24.57 118.23
26.38 118.10
26.39 119.31
24.26 119.01
24.56 118.36
26.13 117.36
27.20 117.29
24.44 118.38
27.46 118.02
24.27 118.06
25.58 117.23
25.17 117.24
24.31 117.39
36.04 103.51
36.33 104.12
40.08 94.41
39.48 98.14
38.28 102.10
39.44 98.31
35.37 103.12
35.32 106.40
34.37 105.42
37.56 102.39
35.45 107.40
39.49 97.35
38.56 100.26
23.08 113.14
23.16 116.36
23.40 116.38
23.28 116.46
23.33 113.33
23.02 113.45
22.12 112.19
23.02 113.06
22.53 112.50
23.02 112.26
21.54 110.50
22.46 112.57
23.43 114.41
23.23 113.12
21.39 110.37
22.48 114.28
23.05 114.22
22.35 113.04
22.32 116.21
22.22 112.40
25.09 113.21
20.54 110.04
21.37 110.17
24.48 112.23
22.46 111.33
21.40 110.53
24.19 116.07
23.01 113.09
22.57 113.22
23.18 116.10
23.42 113.01
23.10 112.52
23.22 116.41
22.47 115.21
24.48 113.37
22.33 114.07
22.50 113.15
23.21 112.41
22.15 112.48
21.26 110.47
22.32 113.01
24.09 115.43
22.10 111.48
21.50 111.58
24.10 113.22
22.57 112.02
23.18 113.49
21.11 110.24
23.03 112.27
22.31 113.22
22.17 113.34
22.48 108.19
21.28 109.07
22.42 110.21
23.54 106.36
21.37 108.20
23.06 109.36
25.17 110.17
23.22 110.04
24.42 108.03
23.47 108.52
23.19 109.24
22.07 106.44
21.57 108.37
23.29 111.20
22.38 110.09
24.28 108.40
26.35 106.42
26.14 105.55
27.18 105.18
28.34 105.42
26.15 107.31
26.35 107.58
26.35 104.50
26.33 106.27
27.43 109.12
25.05 104.53
27.42 106.55
20.02 110.20
19.31 109.34
19.14 110.28
19.59 110.21
18.14 109.31
18.46 109.31
38.02 114.30
38.24 115.20
38.51 115.30
39.06 116.24
38.04 116.34
38.18 116.52
40.59 117.57
38.30 115.00
39.34 118.06
39.20 115.51
38.02 114.50
36.36 114.28
38.26 116.05
37.44 115.42
38.21 117.21
38.02 115.02
37.34 115.33
39.31 116.42
38.04 114.19
37.22 115.23
39.55 119.35
38.42 116.07
39.58 117.04
36.51 114.30
38.01 115.32
39.36 118.11
36.42 114.11
37.04 114.30
37.54 115.12
38.20 114.41
40.48 114.53
39.29 115.59
40.11 117.58
34.46 11340
36.06 114.21
34.12 113.47
34.27 113.02
32.42 112.05
34.46 112.58
35.54 114.11
35.27 113.47
35.14 113.12
35.04 112.35
34.47 114.21
34.31 110.52
36.03 113.49
33.33 114.02
34.41 112.27
33.00 112.32
33.44 113.17
35.44 115.01
35.05 112.57
34.09 112.50
34.47 111.12
34.26 115.38
35.24 114.03
33.17 113.30
33.26 114.54
34.46 113.21
34.31 113.22
35.18 113.52
32.07 114.04
34.24 113.43
34.01 113.49
34.43 112.47
34.43 111.55
34.09 113.28
33.37 114.38
32.58 114.01
45.44 126.36
45.32 126.58
46.24 125.18
48.15 126.31
46.36 125.01
47.15 132.02
44.35 129.21
47.28 126.57
47.20 130.16
50.14 127.29
46.47 130.22
45.17 130.57
45.32 131.50
44.35 129.36
48.29 124.51
44.21 129.28
47.20 123.57
45.48 130.49
45.22 126.15
45.14 127.55
46.38 131.11
44.25 131.11
46.38 126.59
46.59 128.01
47.39 132.30
44.55 127.11
48.38 126.07
47.42 128.56
46.04 125.58
30.35 114.17
31.15 113.41
30.50 111.47
32.33 108.30
30.06 114.58
30.16 109.29
30.23 114.52
31.37 113.48
29.48 113.27
30.12 115.06
30.27 114.52
31.02 112.12
30.18 112.16
32.23 111.40
30.18 108.56
31.10 115.01
29.42 113.51
30.26 112.53
29.43 112.24
32.40 110.47
31.42 113.22
60.39 113.10
29.51 115.33
32.02 112.08
29.53 114.17
30.22 113.27
30.56 113.54
30.42 111.17
31.42 112.15
30.57 113.33
32.07 112.44
30.23 111.27
31.10 112.34
28.12 112.59
29.02 111.51
25.46 113.02
26.53 112.37
27.07 109.59
27.33 109.58
29.38 111.52
28.18 109.43
26.24 112.51
27.42 111.26
26.26 111.35
27.41 111.41
27.40 113.30
29.29 113.27
28.09 113.37
27.44 111.59
28.49 113.03
27.54 112.29
27.14 111.28
26.43 110.37
27.52 112.53
27.44 112.31
28.36 112.20
26.13 111.37
28.50 112.22
29.22 113.06
29.08 110.29
27.51 113.09
25.58 113.13
43.54 125.19
45.38 122.50
41.56 126.26
45.30 124.18
44.32 125.42
43.22 128.13
43.31 124.49
42.32 129.00
42.58 126.44
42.52 130.22
41.08 126.11
43.42 127.21
43.52 126.33
44.09 125.51
42.54 125.09
41.49 126.53
42.46 129.26
42.32 125.40
44.24 126.57
43.10 124.22
45.11 124.49
45.20 122.47
41.43 125.56
42.57 129.51
42.54 129.30
44.49 126.32
32.03 118.46
31.39 120.43
31.47 119.58
32.00 119.32
32.51 120.19
32.47 119.27
31.53 121.09
33.30 119.09
33.36 119.02
32.26 119.32
32.34 120.08
31.54 120.17
32.02 120.17
31.46 119.33
31.23 120.57
34.36 119.10
31.26 119.29
32.01 120.51
34.19 117.59
31.48 121.39
32.23 120.33
33.58 118.18
31.19 120.37
31.27 121.06
32.10 120.01
32.30 119.54
32.05 121.03
31.10 120.39
31.34 120.18
32.56 119.50
34.22 118.20
34.15 117.11
33.22 120.08
32.14 119.49
32.23 119.26
31.21 119.49
32.16 119.10
31.52 120.32
32.11 119.27
28.40 115.55
28.57 117.35
28.12 115.48
28.52 114.56
28.25 115.22
27.07 114.58
29.17 117.13
26.34 114.10
29.43 115.58
28.58 117.08
27.59 116.21
27.37 113.50
29.40 115.38
25.53 116.01
25.27 117.58
27.48 114.56
27.47 114.23
28.14 117.03
28.03 115.32
41.48 123.25
41.07 123.00
41.48 120.47
41.18 123.46
41.34 120.27
38.55 121.36
40.08 124.22
40.37 122.31
39.53 124.08
40.28 124.02
41.51 123.54
42.01 121.39
40.24 122.21
40.51 122.43
40.45 120.51
41.07 121.09
42.32 124.02
41.16 123.12
41.10 121.21
41.14 119.22
41.07 122.03
39.23 121.58
42.28 123.32
42.18 123.51
39.37 122.00
40.37 120.41
41.59 122.49
40.39 122.13
39.41 122.58
40.48 111.41
40.39 109.49
42.17 118.58
39.48 109.59
43.38 111.58
50.13 120.11
40.27 113.09
50.48 121.29
49.12 119.39
45.32 119.38
41.02 113.06
40.46 107.22
49.35 117.23
43.37 122.16
46.03 122.03
39.40 106.48
43.57 116.03
49.17 120.40
48.00 122.47
38.27 106.16
37.56 105.59
39.02 106.22
37.59 106.11
36.38 101.48
37.22 97.23
36.26 94.55
36.40 117.00
36.25 119.12
37.22 118.02
39.52 119.24
37.26 116.17
37.27 118.30
36.14 116.46
36.22 119.44
35.14 115.26
35.53 119.58
36.17 120.00
36.22 120.28
35.23 116.33
36.12 117.40
36.52 120.31
36.58 120.42
37.10 119.57
37.44 117.12
36.26 115.57
36.51 115.42
35.03 118.20
37.39 120.21
37.48 120.45
36.47 119.58
36.03 120.18
36.42 118.28
35.36 116.58
35.23 119.32
37.10 122.25
36.54 121.31
36.53 118.44
36.11 117.08
35.06 117.09
36.43 119.06
37.31 122.07
37.12 122.03
35.54 117.45
37.32 121.24
35.32 116.49
36.56 116.39
34.52 117.33
36.43 117.32
37.21 120.23
35.59 119.24
36.48 118.03
35.24 116.58
37.54 112.33
36.11 113.06
40.06 113.17
35.48 112.55
37.54 112.09
35.35 110.41
35.37 111.21
36.34 111.42
37.02 111.55
35.30 112.51
36.05 111.31
36.21 113.14
39.19 112.26
37.08 111.48
38.24 112.43
37.51 113.34
34.52 110.27
38.43 112.42
37.41 112.43
35.02 110.59
34.17 108.57
32.41 109.01
34.22 107.09
35.28 110.27
33.04 107.01
34.34 110.05
33.52 109.57
35.06 109.07
34.30 109.30
34.20 108.43
34.18 108.29
36.35 109.28
38.18 109.47
31.14 121.29
30.40 104.04
31.51 106.43
30.39 103.40
31.14 107.29
31.09 104.22
31.01 103.37
29.36 103.29
29.42 107.22
30.58 104.15
32.28 105.51
30.26 106.44
30.24 104.32
31.48 104.42
31.36 105.58
29.36 103.44
28.54 105.24
31.30 104.42
30.49 106.04
29.36 105.02
26.34 101.43
30.59 103.57
30.26 103.28
30.31 105.33
30.50 108.21
32.03 108.03
27.54 102.16
29.59 102.59
28.47 104.34
29.23 104.46
30.09 104.38
25.03 121.30
39.02 117.12
29.39 91.08
29.16 88.51
21.23 115.12
43.45 87.36
41.09 80.19
47.50 88.12
39.42 76.08
44.57 82.08
44.02 87.18
44.09 87.58
42.50 93.28
37.09 79.55
45.36 84.51
39.30 75.59
41.46 86.07
44.27 84.56
44.18 86.00
46.46 82.59
42.54 89.11
43.55 81.20
25.04 102.42
25.08 99.10
25.01 101.32
25.34 100.13
26.06 103.12
23.21 103.09
22.01 100.48
23.43 103.13
25.30 103.48
24.00 97.50
22.48 100.58
24.06 98.04
26.13 104.06
24.22 102.32
27.20 103.42
30.16 120.10
30.11 121.15
29.16 120.14
29.39 121.24
30.03 119.57
30.32 120.42
30.52 120.06
29.29 119.16
28.45 118.37
30.46 120.45
29.07 119.39
29.12 119.28
28.51 121.08
28.27 119.54
28.04 119.08
29.52 121.33
30.42 121.01
28.58 118.52
27.48 120.38
30.01 120.52
30.00 120.34
28.41 121.27
30.38 120.32
28.22 121.21
28.01 120.39
30.09 120.16
29.18 120.04
28.08 120.58
30.26 120.18
30.02 121.10
29.54 120.01
30.01 122.06
29.43 120.14
29.35 106.33
30.02 106.15
29.18 106.16
29.10 107.05
29.23 105.53
